1829072
1829072
1829072
1829072
1829072
1829072
1829072
1829072
1829072
1829072
1829072
1829072
1829072
1829072
1829072
1829072
1829072
1829072
1829072
1829072
1829072
1829072
1829072
1829072
1829072
1829072
1829072
1829072
1829072
1829072
1829072
1829072
1829072
1829072
1829072
1829072
1829072
1829072
1829072
1829072
1829072
1829072
1829072
1829072
1829072
1829072
1829072
1829072
1829455
1829072
1829072
1829072
1829072
1829072
1829072
1829593
1829593
1829593
1829593
1829593
1829593
1829593
1829593
1829593
1829593
1829593
1829593
1829593
1829593
1829593
1829593
1829593
1829593
