1829245
1829245
1829245
1829245
1829245
1829245
1829245
1829245
1829245
1829245
1829265
1829265
1829265
1829265
1829333
1829333
1829353
1829353
1829382
1829382
1829382
1829382
1829237
1829420
1829420
1829420
1829430
1829430
1829454
1829454
1829454
1829454
1829454
1829454
1829454
1829454
1829454
1829454
1829454
1829454
1829454
1829454
1829454
1829499
1829512
1829520
1829520
1829537
1829545
1829545
1829554
1829554
1829587
1829499
1829587
1829602
1829602
1829602
1829620
1829620
1829620
1829620
1829602
1829602
1829620
1829681
1829681
1829681
1829681
1829681
1829602
